0 0.5855421686746988 0.7998575498575499 0.05783132530120482 0.07264957264957266
0 0.28795180722891567 0.8012820512820513 0.05783132530120482 0.07264957264957266
0 0.4072289156626506 0.8027065527065527 0.05783132530120482 0.07264957264957266
0 0.46626506024096387 0.8055555555555556 0.05783132530120482 0.07264957264957266
0 0.5246987951807229 0.8048433048433048 0.056626506024096385 0.07122507122507123
0 0.7042168674698795 0.7984330484330484 0.056626506024096385 0.07264957264957266
0 0.6728915662650602 0.74002849002849 0.056626506024096385 0.07264957264957266
0 0.6150602409638555 0.7386039886039886 0.056626506024096385 0.07264957264957266
0 0.5548192771084337 0.7371794871794872 0.056626506024096385 0.07264957264957266
0 0.43493975903614457 0.7357549857549858 0.05783132530120482 0.07264957264957266
0 0.3759036144578313 0.7386039886039886 0.05783132530120482 0.07264957264957266
0 0.31746987951807226 0.7386039886039886 0.056626506024096385 0.07264957264957266
1 0.15602409638554218 0.7492877492877493 0.10481927710843374 0.21082621082621084
1 0.8361445783132531 0.7421652421652422 0.10602409638554217 0.21082621082621084
1 0.8337349397590361 0.3076923076923077 0.10602409638554217 0.21082621082621084
1 0.15180722891566265 0.3084045584045584 0.10602409638554217 0.21225071225071226
