0 0.7331989247311828 0.8684701492537313 0.0739247311827957 0.09514925373134328
0 0.4731182795698925 0.8703358208955224 0.07526881720430108 0.09514925373134328
0 0.6028225806451613 0.8722014925373134 0.0739247311827957 0.09514925373134328
0 0.5389784946236559 0.8722014925373134 0.07526881720430108 0.09514925373134328
0 0.40524193548387094 0.8703358208955224 0.0739247311827957 0.09514925373134328
0 0.5719086021505376 0.789179104477612 0.0739247311827957 0.09701492537313433
0 0.6397849462365591 0.789179104477612 0.07526881720430108 0.09701492537313433
1 0.12365591397849462 0.23227611940298507 0.12365591397849462 0.27425373134328357
1 0.11559139784946236 0.7938432835820896 0.12365591397849462 0.27425373134328357
1 0.883736559139785 0.23041044776119404 0.12231182795698925 0.27425373134328357
1 0.8884408602150538 0.8022388059701493 0.12365591397849462 0.27611940298507465
0 0.271505376344086 0.8684701492537313 0.07526881720430108 0.09514925373134328
0 0.30510752688172044 0.7826492537313433 0.07526881720430108 0.09514925373134328
0 0.7016129032258065 0.789179104477612 0.07526881720430108 0.09701492537313433
0 0.3709677419354839 0.7863805970149254 0.07526881720430108 0.09514925373134328
0 0.44086021505376344 0.7901119402985075 0.07526881720430108 0.09514925373134328
