0 0.46226415094339623 0.8546931407942239 0.0673854447439353 0.09566787003610108
1 0.11388140161725067 0.23014440433212996 0.12264150943396226 0.29061371841155237
1 0.876010781671159 0.22563176895306858 0.12398921832884097 0.2924187725631769
1 0.8793800539083558 0.7806859205776173 0.12264150943396226 0.29061371841155237
1 0.11522911051212938 0.7815884476534296 0.12264150943396226 0.2924187725631769
0 0.29649595687331537 0.766245487364621 0.0673854447439353 0.09566787003610108
0 0.3618598382749326 0.7671480144404332 0.06873315363881402 0.09386281588447654
0 0.42654986522911054 0.7671480144404332 0.06873315363881402 0.09386281588447654
0 0.5599730458221024 0.7653429602888087 0.06873315363881402 0.09386281588447654
0 0.6293800539083558 0.7635379061371841 0.0673854447439353 0.09386281588447654
0 0.694743935309973 0.7626353790613718 0.06873315363881402 0.09566787003610108
0 0.7284366576819407 0.8483754512635379 0.06873315363881402 0.09386281588447654
0 0.5943396226415094 0.8483754512635379 0.0673854447439353 0.09386281588447654
0 0.5296495956873315 0.8510830324909747 0.0673854447439353 0.09566787003610108
0 0.39622641509433965 0.8501805054151624 0.0673854447439353 0.09386281588447654
0 0.26212938005390835 0.851985559566787 0.06873315363881402 0.09386281588447654
