0 0.5560240963855422 0.7371794871794872 0.056626506024096385 0.06695156695156695
0 0.3180722891566265 0.7386039886039886 0.05542168674698795 0.06695156695156695
0 0.3789156626506024 0.74002849002849 0.056626506024096385 0.06695156695156695
0 0.4391566265060241 0.7343304843304843 0.056626506024096385 0.06695156695156695
0 0.6156626506024097 0.7371794871794872 0.05542168674698795 0.06695156695156695
0 0.6765060240963855 0.74002849002849 0.056626506024096385 0.06695156695156695
0 0.29036144578313255 0.7998575498575499 0.05542168674698795 0.06695156695156695
0 0.40963855421686746 0.8012820512820513 0.05542168674698795 0.06695156695156695
0 0.46686746987951805 0.8027065527065527 0.056626506024096385 0.06695156695156695
0 0.5283132530120482 0.8041310541310541 0.056626506024096385 0.06695156695156695
0 0.5867469879518072 0.7998575498575499 0.05542168674698795 0.06695156695156695
0 0.7042168674698795 0.8012820512820513 0.056626506024096385 0.06695156695156695
1 0.15421686746987953 0.31054131054131057 0.1108433734939759 0.2222222222222222
1 0.8361445783132531 0.31054131054131057 0.1108433734939759 0.2222222222222222
1 0.8397590361445784 0.7386039886039886 0.1108433734939759 0.2207977207977208
1 0.15903614457831325 0.7492877492877493 0.1108433734939759 0.2222222222222222
