0 0.5929919137466307 0.8492779783393501 0.06199460916442048 0.0812274368231047
1 0.876010781671159 0.779783393501805 0.11859838274932614 0.2815884476534296
1 0.8787061994609164 0.2292418772563177 0.11859838274932614 0.2815884476534296
1 0.1105121293800539 0.7888086642599278 0.11859838274932614 0.2815884476534296
1 0.11185983827493262 0.22743682310469315 0.11859838274932614 0.2815884476534296
0 0.26212938005390835 0.8474729241877257 0.06064690026954178 0.0812274368231047
0 0.3935309973045822 0.8492779783393501 0.06199460916442048 0.0812274368231047
0 0.4609164420485175 0.8492779783393501 0.06199460916442048 0.0812274368231047
0 0.5269541778975741 0.8474729241877257 0.06199460916442048 0.0812274368231047
0 0.29514824797843664 0.7653429602888087 0.06199460916442048 0.08303249097472924
0 0.3584905660377358 0.7671480144404332 0.06199460916442048 0.08303249097472924
0 0.42587601078167114 0.7671480144404332 0.06199460916442048 0.08303249097472924
0 0.5606469002695418 0.7680505415162455 0.06199460916442048 0.0812274368231047
0 0.6266846361185984 0.7680505415162455 0.06199460916442048 0.0812274368231047
0 0.692722371967655 0.7671480144404332 0.06199460916442048 0.08303249097472924
0 0.7277628032345014 0.8456678700361011 0.06199460916442048 0.0812274368231047
