1 0.15602409638554218 0.7464387464387464 0.11204819277108434 0.22792022792022792
0 0.3204819277108434 0.7386039886039886 0.05542168674698795 0.0698005698005698
0 0.3795180722891566 0.7378917378917379 0.05542168674698795 0.06837606837606838
0 0.4397590361445783 0.7350427350427351 0.05542168674698795 0.06837606837606838
0 0.5590361445783133 0.7364672364672364 0.05542168674698795 0.06837606837606838
0 0.6180722891566265 0.7393162393162394 0.05542168674698795 0.06837606837606838
0 0.6771084337349398 0.7393162393162394 0.05542168674698795 0.06837606837606838
0 0.7048192771084337 0.7991452991452992 0.05542168674698795 0.06837606837606838
0 0.5873493975903614 0.8005698005698005 0.056626506024096385 0.06837606837606838
0 0.5289156626506024 0.8034188034188035 0.05542168674698795 0.06837606837606838
0 0.46927710843373494 0.8034188034188035 0.056626506024096385 0.06837606837606838
0 0.40963855421686746 0.8005698005698005 0.05542168674698795 0.06837606837606838
0 0.29096385542168673 0.801994301994302 0.056626506024096385 0.06837606837606838
1 0.15481927710843374 0.3141025641025641 0.11204819277108434 0.22934472934472935
1 0.8373493975903614 0.3076923076923077 0.1108433734939759 0.22792022792022792
1 0.8409638554216867 0.7428774928774928 0.1108433734939759 0.22934472934472935
