0 0.3948787061994609 0.8492779783393501 0.06199460916442048 0.0776173285198556
1 0.11522911051212938 0.22653429602888087 0.11455525606469003 0.2833935018050541
1 0.8746630727762803 0.22653429602888087 0.11320754716981132 0.2833935018050541
1 0.8746630727762803 0.7806859205776173 0.11320754716981132 0.2833935018050541
1 0.11388140161725067 0.7743682310469314 0.11455525606469003 0.2815884476534296
0 0.29514824797843664 0.7680505415162455 0.06199460916442048 0.0776173285198556
0 0.35983827493261455 0.7680505415162455 0.06199460916442048 0.0776173285198556
0 0.4272237196765499 0.7680505415162455 0.06199460916442048 0.0776173285198556
0 0.5592991913746631 0.7689530685920578 0.06199460916442048 0.07942238267148015
0 0.6253369272237197 0.76985559566787 0.06199460916442048 0.0776173285198556
0 0.6913746630727763 0.7689530685920578 0.06199460916442048 0.07942238267148015
0 0.7237196765498652 0.8465703971119134 0.06199460916442048 0.07942238267148015
0 0.5943396226415094 0.8465703971119134 0.06199460916442048 0.07942238267148015
0 0.5269541778975741 0.8474729241877257 0.06199460916442048 0.0776173285198556
0 0.261455525606469 0.8474729241877257 0.06199460916442048 0.0776173285198556
0 0.4609164420485175 0.8474729241877257 0.06199460916442048 0.0776173285198556
