0 0.7054216867469879 0.7991452991452992 0.05903614457831325 0.06837606837606838
1 0.1536144578313253 0.3126780626780627 0.10963855421686747 0.21794871794871795
0 0.2921686746987952 0.8027065527065527 0.05903614457831325 0.0698005698005698
0 0.4102409638554217 0.8041310541310541 0.05903614457831325 0.0698005698005698
0 0.46927710843373494 0.8041310541310541 0.05903614457831325 0.0698005698005698
0 0.5271084337349398 0.8012820512820513 0.05903614457831325 0.0698005698005698
0 0.5879518072289157 0.7998575498575499 0.05783132530120482 0.0698005698005698
0 0.6734939759036145 0.74002849002849 0.05783132530120482 0.0698005698005698
0 0.6156626506024097 0.7386039886039886 0.05783132530120482 0.0698005698005698
0 0.5560240963855422 0.7371794871794872 0.05903614457831325 0.0698005698005698
0 0.43795180722891563 0.7357549857549858 0.05903614457831325 0.0698005698005698
0 0.3783132530120482 0.7386039886039886 0.05783132530120482 0.0698005698005698
0 0.31987951807228915 0.74002849002849 0.05903614457831325 0.0698005698005698
3 0.08674698795180723 0.646011396011396 0.0746987951807229 0.05555555555555555
1 0.15903614457831325 0.7450142450142451 0.10843373493975904 0.21652421652421652
1 0.8421686746987952 0.7464387464387464 0.10843373493975904 0.21652421652421652
1 0.8361445783132531 0.3076923076923077 0.10843373493975904 0.21652421652421652
