0 0.7096385542168675 0.801994301994302 0.05542168674698795 0.06552706552706553
0 0.2963855421686747 0.8012820512820513 0.05542168674698795 0.06695156695156695
0 0.41445783132530123 0.8041310541310541 0.05542168674698795 0.06695156695156695
0 0.4746987951807229 0.8055555555555556 0.05542168674698795 0.06695156695156695
0 0.5325301204819277 0.8055555555555556 0.05542168674698795 0.06695156695156695
0 0.591566265060241 0.801994301994302 0.05542168674698795 0.06552706552706553
0 0.6807228915662651 0.7393162393162394 0.05542168674698795 0.06552706552706553
0 0.6204819277108434 0.7393162393162394 0.05542168674698795 0.06552706552706553
0 0.5614457831325301 0.7386039886039886 0.05542168674698795 0.06695156695156695
0 0.4427710843373494 0.7393162393162394 0.05421686746987952 0.06552706552706553
0 0.38313253012048193 0.7414529914529915 0.05542168674698795 0.06695156695156695
0 0.3253012048192771 0.7414529914529915 0.05542168674698795 0.06695156695156695
1 0.1602409638554217 0.7393162393162394 0.11566265060240964 0.24216524216524216
1 0.8397590361445784 0.7492877492877493 0.11566265060240964 0.24216524216524216
1 0.8409638554216867 0.3162393162393162 0.11566265060240964 0.24216524216524216
1 0.1578313253012048 0.3176638176638177 0.11566265060240964 0.24216524216524216
