1 0.09016393442622951 0.7878787878787878 0.09836065573770492 0.30303030303030304
1 0.7827868852459017 0.19242424242424241 0.08401639344262295 0.23030303030303031
1 0.8985655737704918 0.7848484848484848 0.09836065573770492 0.30303030303030304
1 0.7827868852459017 0.6537878787878788 0.08401639344262295 0.2318181818181818
1 0.20440573770491804 0.6492424242424243 0.08299180327868852 0.2318181818181818
0 0.5184426229508197 0.7128787878787879 0.0471311475409836 0.07727272727272727
0 0.5706967213114754 0.7113636363636363 0.0471311475409836 0.07727272727272727
0 0.670594262295082 0.7128787878787879 0.04610655737704918 0.07727272727272727
0 0.6454918032786885 0.6431818181818182 0.0471311475409836 0.07727272727272727
0 0.5942622950819673 0.6416666666666667 0.0471311475409836 0.07727272727272727
0 0.5414959016393442 0.6446969696969697 0.04610655737704918 0.07727272727272727
0 0.44313524590163933 0.6416666666666667 0.04610655737704918 0.07727272727272727
0 0.39190573770491804 0.6446969696969697 0.04610655737704918 0.07727272727272727
0 0.3406762295081967 0.6462121212121212 0.04610655737704918 0.07727272727272727
1 0.2023565573770492 0.19393939393939394 0.08299180327868852 0.23030303030303031
0 0.4672131147540984 0.7113636363636363 0.0471311475409836 0.07727272727272727
0 0.41649590163934425 0.7143939393939394 0.04610655737704918 0.07727272727272727
0 0.3171106557377049 0.7113636363636363 0.04610655737704918 0.07727272727272727
