1 0.12231182795698925 0.7938432835820896 0.10752688172043011 0.2667910447761194
0 0.271505376344086 0.871268656716418 0.06182795698924731 0.09328358208955224
0 0.40456989247311825 0.8694029850746269 0.06182795698924731 0.09328358208955224
0 0.47580645161290325 0.8731343283582089 0.06182795698924731 0.09328358208955224
0 0.5376344086021505 0.8731343283582089 0.06182795698924731 0.09328358208955224
0 0.603494623655914 0.871268656716418 0.06182795698924731 0.09328358208955224
0 0.7352150537634409 0.8694029850746269 0.06182795698924731 0.09328358208955224
0 0.7043010752688172 0.7873134328358209 0.06182795698924731 0.09328358208955224
0 0.6370967741935484 0.7873134328358209 0.06182795698924731 0.09328358208955224
0 0.5698924731182796 0.7873134328358209 0.06182795698924731 0.09328358208955224
0 0.4381720430107527 0.7873134328358209 0.06182795698924731 0.09328358208955224
0 0.37163978494623656 0.7873134328358209 0.06048387096774194 0.09328358208955224
0 0.3064516129032258 0.7854477611940298 0.06182795698924731 0.09328358208955224
1 0.8830645161290323 0.7938432835820896 0.10752688172043011 0.2667910447761194
1 0.8844086021505376 0.22667910447761194 0.10752688172043011 0.2667910447761194
1 0.12298387096774194 0.2294776119402985 0.10887096774193548 0.26865671641791045
