0 0.5572289156626506 0.7393162393162394 0.056626506024096385 0.06837606837606838
0 0.29156626506024097 0.8027065527065527 0.05542168674698795 0.06695156695156695
0 0.4108433734939759 0.8041310541310541 0.05542168674698795 0.06695156695156695
0 0.46927710843373494 0.8048433048433048 0.056626506024096385 0.06837606837606838
0 0.5271084337349398 0.8048433048433048 0.056626506024096385 0.06837606837606838
0 0.5873493975903614 0.8027065527065527 0.056626506024096385 0.06695156695156695
0 0.7048192771084337 0.7998575498575499 0.05542168674698795 0.06695156695156695
0 0.6746987951807228 0.7407407407407407 0.05542168674698795 0.06837606837606838
0 0.6168674698795181 0.7386039886039886 0.05542168674698795 0.06695156695156695
0 0.43734939759036146 0.7357549857549858 0.05542168674698795 0.06695156695156695
0 0.3789156626506024 0.7414529914529915 0.056626506024096385 0.06695156695156695
0 0.3204819277108434 0.7407407407407407 0.05542168674698795 0.06837606837606838
1 0.1566265060240964 0.31054131054131057 0.11566265060240964 0.2222222222222222
1 0.8373493975903614 0.31054131054131057 0.11566265060240964 0.2222222222222222
1 0.8373493975903614 0.7450142450142451 0.11566265060240964 0.2222222222222222
1 0.15903614457831325 0.7492877492877493 0.11566265060240964 0.2222222222222222
