0 0.6156626506024097 0.7350427350427351 0.05542168674698795 0.07122507122507123
0 0.43734939759036146 0.7343304843304843 0.05542168674698795 0.0698005698005698
0 0.3783132530120482 0.7364672364672364 0.05542168674698795 0.07122507122507123
0 0.31867469879518073 0.7371794871794872 0.05421686746987952 0.0698005698005698
0 0.6746987951807228 0.7386039886039886 0.05542168674698795 0.0698005698005698
0 0.7048192771084337 0.7998575498575499 0.05542168674698795 0.0698005698005698
0 0.5879518072289157 0.7991452991452992 0.05542168674698795 0.07122507122507123
0 0.5265060240963856 0.8012820512820513 0.05542168674698795 0.0698005698005698
0 0.46686746987951805 0.8012820512820513 0.05421686746987952 0.0698005698005698
0 0.5566265060240964 0.7350427350427351 0.05542168674698795 0.07122507122507123
0 0.40843373493975904 0.7998575498575499 0.05542168674698795 0.0698005698005698
0 0.2891566265060241 0.7991452991452992 0.05542168674698795 0.07122507122507123
1 0.1530120481927711 0.31196581196581197 0.12771084337349398 0.23076923076923078
1 0.8373493975903614 0.3034188034188034 0.12771084337349398 0.23076923076923078
1 0.8385542168674699 0.7478632478632479 0.12771084337349398 0.23076923076923078
1 0.15903614457831325 0.7507122507122507 0.12771084337349398 0.23076923076923078
