0 0.6771084337349398 0.7407407407407407 0.05542168674698795 0.06837606837606838
1 0.1602409638554217 0.7492877492877493 0.11325301204819277 0.22507122507122507
1 0.841566265060241 0.7428774928774928 0.1144578313253012 0.2264957264957265
1 0.8373493975903614 0.31054131054131057 0.11325301204819277 0.22507122507122507
1 0.15602409638554218 0.31125356125356124 0.1144578313253012 0.2264957264957265
0 0.29036144578313255 0.8005698005698005 0.05542168674698795 0.06837606837606838
0 0.40963855421686746 0.8005698005698005 0.05542168674698795 0.06837606837606838
0 0.4686746987951807 0.8034188034188035 0.05542168674698795 0.06837606837606838
0 0.5289156626506024 0.8034188034188035 0.05542168674698795 0.06837606837606838
0 0.7048192771084337 0.7991452991452992 0.05542168674698795 0.06837606837606838
0 0.3192771084337349 0.7393162393162394 0.05542168674698795 0.06837606837606838
0 0.3783132530120482 0.7386039886039886 0.05542168674698795 0.0698005698005698
0 0.4397590361445783 0.7364672364672364 0.05542168674698795 0.06837606837606838
0 0.5566265060240964 0.7386039886039886 0.05542168674698795 0.0698005698005698
0 0.6168674698795181 0.7386039886039886 0.05542168674698795 0.0698005698005698
0 0.5867469879518072 0.7998575498575499 0.05542168674698795 0.0698005698005698
