1 0.7832991803278688 0.1946969696969697 0.09528688524590163 0.24696969696969698
1 0.7843237704918032 0.6553030303030303 0.09528688524590163 0.24696969696969698
1 0.20030737704918034 0.6492424242424243 0.09528688524590163 0.24696969696969698
1 0.20799180327868852 0.19242424242424241 0.0942622950819672 0.24848484848484848
0 0.3401639344262295 0.6439393939393939 0.04918032786885246 0.07575757575757576
0 0.39139344262295084 0.6439393939393939 0.04918032786885246 0.07575757575757576
0 0.44364754098360654 0.6424242424242425 0.04918032786885246 0.07575757575757576
0 0.5450819672131147 0.6424242424242425 0.04918032786885246 0.07575757575757576
0 0.5942622950819673 0.6439393939393939 0.04918032786885246 0.07575757575757576
0 0.6454918032786885 0.6439393939393939 0.04918032786885246 0.07575757575757576
0 0.6695696721311475 0.7121212121212122 0.050204918032786885 0.07575757575757576
0 0.569672131147541 0.7136363636363636 0.04918032786885246 0.07575757575757576
0 0.5184426229508197 0.7106060606060606 0.04918032786885246 0.07575757575757576
0 0.4672131147540984 0.7106060606060606 0.04918032786885246 0.07575757575757576
0 0.41700819672131145 0.7136363636363636 0.04918032786885246 0.07575757575757576
0 0.3155737704918033 0.7106060606060606 0.04918032786885246 0.07575757575757576
1 0.09016393442622951 0.7893939393939394 0.10450819672131148 0.3
1 0.8985655737704918 0.7909090909090909 0.10450819672131148 0.3
