0 0.43734939759036146 0.7329059829059829 0.05542168674698795 0.0698005698005698
1 0.15481927710843374 0.30982905982905984 0.10963855421686747 0.2207977207977208
1 0.8373493975903614 0.3076923076923077 0.10843373493975904 0.21937321937321938
1 0.8361445783132531 0.7450142450142451 0.10843373493975904 0.21937321937321938
1 0.15240963855421688 0.7521367521367521 0.10963855421686747 0.21937321937321938
0 0.31987951807228915 0.74002849002849 0.056626506024096385 0.0698005698005698
0 0.377710843373494 0.7386039886039886 0.056626506024096385 0.0698005698005698
0 0.5566265060240964 0.7371794871794872 0.05542168674698795 0.0698005698005698
0 0.6168674698795181 0.7378917378917379 0.05542168674698795 0.06837606837606838
0 0.6740963855421687 0.7393162393162394 0.056626506024096385 0.06837606837606838
0 0.7054216867469879 0.7984330484330484 0.056626506024096385 0.0698005698005698
0 0.5861445783132531 0.7991452991452992 0.056626506024096385 0.06837606837606838
0 0.5277108433734939 0.8027065527065527 0.05542168674698795 0.0698005698005698
0 0.46686746987951805 0.801994301994302 0.056626506024096385 0.06837606837606838
0 0.4078313253012048 0.8027065527065527 0.056626506024096385 0.0698005698005698
0 0.29036144578313255 0.7998575498575499 0.05542168674698795 0.0698005698005698
