0 0.5701844262295082 0.7143939393939394 0.04815573770491803 0.07121212121212121
1 0.09118852459016394 0.7909090909090909 0.09631147540983606 0.3
1 0.8995901639344263 0.7818181818181819 0.09631147540983606 0.3
1 0.7827868852459017 0.19393939393939394 0.08401639344262295 0.24242424242424243
1 0.7838114754098361 0.6545454545454545 0.08401639344262295 0.24242424242424243
1 0.2028688524590164 0.656060606060606 0.08401639344262295 0.24242424242424243
1 0.20184426229508196 0.19696969696969696 0.08401639344262295 0.24242424242424243
0 0.3422131147540984 0.6454545454545455 0.0471311475409836 0.0696969696969697
0 0.39190573770491804 0.6439393939393939 0.04815573770491803 0.0696969696969697
0 0.6695696721311475 0.7106060606060606 0.04815573770491803 0.0696969696969697
0 0.6460040983606558 0.6439393939393939 0.04815573770491803 0.0696969696969697
0 0.5947745901639344 0.6446969696969697 0.04815573770491803 0.07121212121212121
0 0.5425204918032787 0.6424242424242425 0.04815573770491803 0.0696969696969697
0 0.3160860655737705 0.7128787878787879 0.04815573770491803 0.07121212121212121
0 0.44415983606557374 0.6424242424242425 0.04815573770491803 0.0696969696969697
0 0.4175204918032787 0.7128787878787879 0.04815573770491803 0.07121212121212121
0 0.4692622950819672 0.7128787878787879 0.0471311475409836 0.07121212121212121
0 0.5189549180327869 0.7143939393939394 0.04815573770491803 0.07121212121212121
