0 0.3204819277108434 0.7414529914529915 0.05783132530120482 0.07264957264957266
1 0.15602409638554218 0.7464387464387464 0.1144578313253012 0.22507122507122507
1 0.8373493975903614 0.7521367521367521 0.11325301204819277 0.22507122507122507
1 0.8361445783132531 0.31196581196581197 0.11325301204819277 0.22507122507122507
1 0.15903614457831325 0.31054131054131057 0.11325301204819277 0.22507122507122507
0 0.29036144578313255 0.8034188034188035 0.05783132530120482 0.07122507122507123
0 0.40963855421686746 0.8041310541310541 0.05783132530120482 0.07264957264957266
0 0.46987951807228917 0.8055555555555556 0.05783132530120482 0.07264957264957266
0 0.5283132530120482 0.8048433048433048 0.05903614457831325 0.07122507122507123
0 0.5879518072289157 0.8034188034188035 0.05783132530120482 0.07122507122507123
0 0.7066265060240964 0.8005698005698005 0.05903614457831325 0.07122507122507123
0 0.6759036144578313 0.7435897435897436 0.05783132530120482 0.07122507122507123
0 0.6180722891566265 0.74002849002849 0.05783132530120482 0.07264957264957266
0 0.5578313253012048 0.74002849002849 0.05783132530120482 0.07264957264957266
0 0.43855421686746987 0.7378917378917379 0.05783132530120482 0.07122507122507123
0 0.3783132530120482 0.74002849002849 0.05783132530120482 0.07264957264957266
