0 0.2917789757412399 0.7644404332129964 0.06064690026954178 0.08483754512635379
1 0.8706199460916442 0.7734657039711191 0.1293800539083558 0.27978339350180503
1 0.8706199460916442 0.21931407942238268 0.1293800539083558 0.27978339350180503
1 0.1105121293800539 0.22292418772563177 0.1293800539083558 0.27978339350180503
0 0.7230458221024259 0.8402527075812274 0.06064690026954178 0.08483754512635379
0 0.5882749326145552 0.8402527075812274 0.06064690026954178 0.08483754512635379
0 0.52088948787062 0.842057761732852 0.06064690026954178 0.08483754512635379
0 0.45889487870619944 0.842057761732852 0.06064690026954178 0.08483754512635379
0 0.39016172506738545 0.8402527075812274 0.06064690026954178 0.08483754512635379
0 0.2580862533692722 0.8402527075812274 0.06064690026954178 0.08483754512635379
0 0.6893530997304582 0.7653429602888087 0.06064690026954178 0.08664259927797834
0 0.6233153638814016 0.7626353790613718 0.06064690026954178 0.08483754512635379
0 0.5545822102425876 0.7608303249097473 0.06064690026954178 0.08483754512635379
0 0.4225067385444744 0.7590252707581228 0.06064690026954178 0.08483754512635379
0 0.3551212938005391 0.7653429602888087 0.06064690026954178 0.08664259927797834
1 0.1078167115902965 0.7680505415162455 0.1293800539083558 0.27978339350180503
