1 0.873989218328841 0.2184115523465704 0.11994609164420485 0.2815884476534296
0 0.4238544474393531 0.7617328519855595 0.06064690026954178 0.08664259927797834
0 0.3551212938005391 0.7653429602888087 0.06064690026954178 0.08664259927797834
0 0.2917789757412399 0.7653429602888087 0.06064690026954178 0.08664259927797834
0 0.5545822102425876 0.7635379061371841 0.06064690026954178 0.08664259927797834
1 0.8699460916442049 0.7653429602888087 0.11994609164420485 0.2815884476534296
1 0.1105121293800539 0.776173285198556 0.11859838274932614 0.2815884476534296
0 0.6233153638814016 0.7653429602888087 0.06064690026954178 0.08664259927797834
0 0.6907008086253369 0.7653429602888087 0.06064690026954178 0.08664259927797834
0 0.2580862533692722 0.8411552346570397 0.06064690026954178 0.08664259927797834
0 0.39016172506738545 0.8429602888086642 0.06064690026954178 0.08664259927797834
0 0.45754716981132076 0.8429602888086642 0.06064690026954178 0.08664259927797834
0 0.5222371967654986 0.8429602888086642 0.06064690026954178 0.08664259927797834
0 0.5882749326145552 0.8447653429602888 0.06064690026954178 0.08664259927797834
0 0.7230458221024259 0.8429602888086642 0.06064690026954178 0.08664259927797834
1 0.10849056603773585 0.22743682310469315 0.11994609164420485 0.2815884476534296
