0 0.5942622950819673 0.6431818181818182 0.05122950819672131 0.07727272727272727
0 0.6454918032786885 0.6446969696969697 0.05122950819672131 0.07727272727272727
0 0.6700819672131147 0.7113636363636363 0.05122950819672131 0.07727272727272727
0 0.5440573770491803 0.6431818181818182 0.05122950819672131 0.07727272727272727
0 0.5686475409836066 0.7128787878787879 0.05122950819672131 0.07727272727272727
0 0.5215163934426229 0.7128787878787879 0.05122950819672131 0.07727272727272727
0 0.4672131147540984 0.7113636363636363 0.05122950819672131 0.07727272727272727
0 0.4180327868852459 0.7128787878787879 0.05122950819672131 0.07727272727272727
0 0.3165983606557377 0.7128787878787879 0.05122950819672131 0.07727272727272727
1 0.2028688524590164 0.2 0.0778688524590164 0.23636363636363636
1 0.7838114754098361 0.6590909090909091 0.0778688524590164 0.23636363636363636
1 0.7827868852459017 0.19393939393939394 0.0778688524590164 0.23636363636363636
1 0.8965163934426229 0.7863636363636364 0.10040983606557377 0.3090909090909091
1 0.09118852459016394 0.7924242424242425 0.10040983606557377 0.3090909090909091
1 0.19979508196721313 0.656060606060606 0.0778688524590164 0.23636363636363636
0 0.3411885245901639 0.6446969696969697 0.05122950819672131 0.07727272727272727
0 0.39139344262295084 0.6431818181818182 0.05122950819672131 0.07727272727272727
0 0.444672131147541 0.6401515151515151 0.05122950819672131 0.07727272727272727
