1 0.09118852459016394 0.7916666666666666 0.10655737704918032 0.30757575757575756
0 0.3401639344262295 0.646969696969697 0.04918032786885246 0.07272727272727272
0 0.39190573770491804 0.646969696969697 0.04815573770491803 0.07272727272727272
0 0.4421106557377049 0.6424242424242425 0.04815573770491803 0.07272727272727272
0 0.5420081967213115 0.6431818181818182 0.04918032786885246 0.07424242424242425
0 0.5942622950819673 0.6462121212121212 0.04918032786885246 0.07424242424242425
0 0.6454918032786885 0.6439393939393939 0.04918032786885246 0.07272727272727272
0 0.6695696721311475 0.7128787878787879 0.04815573770491803 0.07424242424242425
0 0.5701844262295082 0.7128787878787879 0.04815573770491803 0.07424242424242425
0 0.5204918032786885 0.7128787878787879 0.04918032786885246 0.07424242424242425
0 0.4692622950819672 0.7113636363636363 0.04918032786885246 0.07424242424242425
0 0.4180327868852459 0.7143939393939394 0.04918032786885246 0.07424242424242425
0 0.3155737704918033 0.7128787878787879 0.04918032786885246 0.07424242424242425
1 0.8965163934426229 0.7825757575757576 0.10655737704918032 0.30757575757575756
1 0.7843237704918032 0.19545454545454546 0.08913934426229508 0.23333333333333334
1 0.7873975409836066 0.6522727272727272 0.08913934426229508 0.2318181818181818
1 0.2028688524590164 0.6477272727272727 0.08811475409836066 0.2318181818181818
1 0.20133196721311475 0.19090909090909092 0.08913934426229508 0.23333333333333334
