0 0.5430327868852459 0.6409090909090909 0.05327868852459016 0.07575757575757576
0 0.5932377049180327 0.6439393939393939 0.05327868852459016 0.07575757575757576
0 0.6449795081967213 0.6439393939393939 0.05225409836065574 0.07575757575757576
0 0.6685450819672131 0.7090909090909091 0.05225409836065574 0.07575757575757576
0 0.5722336065573771 0.7136363636363636 0.05225409836065574 0.07575757575757576
0 0.5174180327868853 0.7136363636363636 0.05327868852459016 0.07575757575757576
0 0.46875 0.7121212121212122 0.05225409836065574 0.07575757575757576
0 0.41649590163934425 0.7121212121212122 0.05225409836065574 0.07575757575757576
0 0.4426229508196721 0.6424242424242425 0.05327868852459016 0.07575757575757576
0 0.39344262295081966 0.6454545454545455 0.05327868852459016 0.07575757575757576
0 0.3396516393442623 0.6454545454545455 0.05225409836065574 0.07575757575757576
1 0.20491803278688525 0.6545454545454545 0.09016393442622951 0.23030303030303031
1 0.20594262295081966 0.19545454545454546 0.09016393442622951 0.23030303030303031
1 0.7827868852459017 0.656060606060606 0.09016393442622951 0.23030303030303031
1 0.7838114754098361 0.19242424242424241 0.09016393442622951 0.23030303030303031
1 0.8965163934426229 0.781060606060606 0.10245901639344263 0.3106060606060606
1 0.09118852459016394 0.7924242424242425 0.10245901639344263 0.31212121212121213
0 0.3160860655737705 0.7121212121212122 0.05225409836065574 0.07575757575757576
