1 0.1602409638554217 0.7450142450142451 0.13012048192771083 0.23931623931623933
0 0.29457831325301204 0.8034188034188035 0.056626506024096385 0.06552706552706553
1 0.16204819277108434 0.3148148148148148 0.13132530120481928 0.23931623931623933
1 0.8475903614457831 0.7464387464387464 0.13132530120481928 0.23931623931623933
0 0.32469879518072287 0.7393162393162394 0.056626506024096385 0.06552706552706553
0 0.3825301204819277 0.7393162393162394 0.056626506024096385 0.06552706552706553
0 0.44156626506024094 0.7371794871794872 0.056626506024096385 0.06695156695156695
0 0.560843373493976 0.7386039886039886 0.056626506024096385 0.06695156695156695
1 0.8409638554216867 0.31196581196581197 0.13012048192771083 0.23931623931623933
0 0.6198795180722891 0.74002849002849 0.056626506024096385 0.06695156695156695
0 0.677710843373494 0.7414529914529915 0.056626506024096385 0.06695156695156695
0 0.7066265060240964 0.8027065527065527 0.056626506024096385 0.06695156695156695
0 0.5897590361445784 0.8005698005698005 0.056626506024096385 0.06552706552706553
0 0.5307228915662651 0.8034188034188035 0.056626506024096385 0.06552706552706553
0 0.47289156626506024 0.8034188034188035 0.056626506024096385 0.06552706552706553
0 0.4126506024096386 0.8034188034188035 0.056626506024096385 0.06552706552706553
