1 0.876010781671159 0.7824909747292419 0.11859838274932614 0.27978339350180503
1 0.11253369272237197 0.22472924187725632 0.11725067385444744 0.27978339350180503
1 0.10983827493261455 0.7879061371841155 0.11725067385444744 0.27978339350180503
1 0.876010781671159 0.22653429602888087 0.11859838274932614 0.27978339350180503
0 0.2944743935309973 0.7671480144404332 0.057951482479784364 0.07942238267148015
0 0.3605121293800539 0.7680505415162455 0.057951482479784364 0.0812274368231047
0 0.42857142857142855 0.7689530685920578 0.05660377358490566 0.07942238267148015
0 0.5599730458221024 0.766245487364621 0.057951482479784364 0.0812274368231047
0 0.6273584905660378 0.7680505415162455 0.057951482479784364 0.0812274368231047
0 0.6940700808625337 0.7689530685920578 0.05660377358490566 0.07942238267148015
0 0.26078167115902967 0.8456678700361011 0.057951482479784364 0.0812274368231047
0 0.3948787061994609 0.8447653429602888 0.05660377358490566 0.07942238267148015
0 0.4609164420485175 0.8456678700361011 0.05660377358490566 0.0812274368231047
0 0.5269541778975741 0.8474729241877257 0.05660377358490566 0.0812274368231047
0 0.5943396226415094 0.8474729241877257 0.05660377358490566 0.0812274368231047
0 0.7257412398921833 0.8474729241877257 0.057951482479784364 0.0812274368231047
