0 0.3204819277108434 0.7428774928774928 0.05542168674698795 0.06695156695156695
1 0.15602409638554218 0.31054131054131057 0.1144578313253012 0.22507122507122507
1 0.8361445783132531 0.31196581196581197 0.11325301204819277 0.22507122507122507
1 0.8397590361445784 0.7450142450142451 0.11325301204819277 0.22507122507122507
0 0.29096385542168673 0.8048433048433048 0.056626506024096385 0.06837606837606838
0 0.40843373493975904 0.8062678062678063 0.05542168674698795 0.06837606837606838
0 0.46987951807228917 0.8048433048433048 0.05542168674698795 0.06837606837606838
0 0.5289156626506024 0.8076923076923077 0.05542168674698795 0.06837606837606838
0 0.5879518072289157 0.8041310541310541 0.05542168674698795 0.06695156695156695
0 0.7048192771084337 0.8027065527065527 0.05542168674698795 0.06695156695156695
0 0.677710843373494 0.7457264957264957 0.056626506024096385 0.06695156695156695
0 0.6174698795180723 0.7414529914529915 0.056626506024096385 0.06695156695156695
0 0.558433734939759 0.7407407407407407 0.056626506024096385 0.06837606837606838
0 0.43795180722891563 0.7371794871794872 0.056626506024096385 0.06695156695156695
0 0.3783132530120482 0.7421652421652422 0.05542168674698795 0.06837606837606838
1 0.1536144578313253 0.7464387464387464 0.1144578313253012 0.22507122507122507
