0 0.5705645161290323 0.7882462686567164 0.06317204301075269 0.08768656716417911
0 0.4388440860215054 0.7901119402985075 0.06317204301075269 0.08768656716417911
0 0.37163978494623656 0.7863805970149254 0.06317204301075269 0.08768656716417911
0 0.3077956989247312 0.7845149253731343 0.06182795698924731 0.08768656716417911
1 0.11895161290322581 0.7985074626865671 0.11693548387096774 0.26865671641791045
1 0.8844086021505376 0.7938432835820896 0.11559139784946236 0.27052238805970147
1 0.8844086021505376 0.23227611940298507 0.11559139784946236 0.27052238805970147
1 0.12701612903225806 0.23227611940298507 0.11693548387096774 0.27052238805970147
0 0.2728494623655914 0.8703358208955224 0.06182795698924731 0.08768656716417911
0 0.40456989247311825 0.8703358208955224 0.06182795698924731 0.08768656716417911
0 0.4731182795698925 0.8722014925373134 0.06182795698924731 0.08768656716417911
0 0.5376344086021505 0.8703358208955224 0.06182795698924731 0.08768656716417911
0 0.6048387096774194 0.8703358208955224 0.06182795698924731 0.08768656716417911
0 0.7379032258064516 0.8703358208955224 0.06182795698924731 0.08768656716417911
0 0.7043010752688172 0.7901119402985075 0.06182795698924731 0.08768656716417911
0 0.6384408602150538 0.7882462686567164 0.06182795698924731 0.08768656716417911
